[BB]
site_name = BurnsBog2018
altitude = -8.1
latitude = 49.12940598
longitude = -122.9849319
canopy_height = .3
zm = 1.8
bearing = 166
time_zone = Etc/GMT+8
start_year = 2015

