[DM]
site_name = Disturbed_Marsh
altitude = 220.2
latitude = 46.1817306
longitude = -72.66536388888889
canopy_height = 0.0
zm = 2.5
bearing = 0
time_zone = Etc/GMT+5
start_year = 2021
