[DSM]
site_name = DSM
altitude = 5.5
latitude = 49.08883667
longitude = -122.8952484
canopy_height = 0.16
zm = 1.83
bearing = 195
time_zone = Etc/GMT+8
start_year = 2021

