[NFB]
site_name = Natural_FB
altitude = 220.2
latitude = 46.5284167
longitude = -72.64691111111112
canopy_height = 0.0
zm = 2.5
bearing = 0
time_zone = Etc/GMT+5
start_year = 2021