[NM]
site_name = Natural_Marsh
altitude = 220.2
latitude = 46.1725111
longitude = -72.75176666666667
canopy_height = 0.0
zm = 2.5
bearing = 0
time_zone = Etc/GMT+5
start_year = 2021