[NS]
site_name = Natural_FS
altitude = 220.2
latitude = 46.5893333
longitude = -72.59792222222222
canopy_height = 0.0
zm = 2.5
bearing = 0
time_zone = Etc/GMT+5
start_year = 2021